152.58333 42.61666 21401
152.12277 30.52778 21413
178.26584 48.94722 21414
171.84583 50.18028 21415
163.51527 48.05833 21416
148.66499 38.69333 21418
155.73528 44.455 21419
88.54028 8.90639 23401
-74.72639 -19.29028 32401
-90.83806 5.00528 32411
-86.31334 -17.98056 32412
-93.49889 -7.40028 32413
-67.31139 23.475 41420
-63.94833 23.40667 41421
-72.49333 32.93278 41424
-68.21722 15.28833 42407
-85.63805 27.04389 42409
-107.00111 16.03056 43412
-99.85667 11.065 43413
-50.00917 37.56417 44401
-70.945 39.40111 44402
-164.02306 51.0675 46402
-156.935 52.63889 46403
-128.79695 45.85806 46404
-128.89694 42.60167 46407
-169.85251 49.625 46408
-148.49861 55.30083 46409
-143.79918 57.63528 46410
-127.02084 39.3425 46411
-120.55695 32.45528 46412
-174.20416 48.29639 46413
-129.62695 48.76833 46419
-125.03001 -8.48 51406
-156.58556 19.57778 51407
-176.24779 -9.52194 51425
-168.13889 -22.97361 51426
155.76195 19.25472 52401
154.11139 11.88222 52402
145.61111 4.05556 52403
132.30167 20.93722 52404
132.33444 12.88139 52405
165.00166 -5.29306 52406
91.88333 0.05 53401
-172.98666 -33.00306 54401
158.40027 -15.79889 55012
161.00139 -46.66528 55013
160.25444 -46.84 55015
176 -26.07 55016
153.57973 -14.8 55023
161.72804 -44.85278 55042
110.00472 -13.98528 56001
117.98944 -15.02139 56003
